8945157,0.03630480331875,1.7828766724697,90
8945158,0.0070817599999999994,0.352838640713869,5
8945159,0.07528769950448524,3.6278198691420775,123
8945160,0.10325652771240751,4.909364423783044,128
8945161,0.05620066021575391,2.73322839074747,119
8945162,0.027566144365194042,1.359568191735844,18
8945163,0.13223901207877636,6.201885029289143,89
8945164,0.0318451619,1.5673025925962414,113
8945165,0.11554361045458196,5.46165108029866,258
8945166,0.016868289100000003,0.8363604699009496,24
8945167,0.09651918938345375,4.603782778245794,157
8945168,0.08205252068874995,3.9409438462007045,86
8945169,0,0.0,0
8945170,0.02435982648711202,1.203334810757622,95
8945171,0.0009189600000000001,0.045926897509132515,3
8945172,0.08341251918955714,4.003648745568852,133
8945173,0.01931483600000001,0.9565044368346338,95
8945174,0.03382004104288087,1.6628826720351806,104
8945175,0.04999659312094747,2.438862254148036,101
8945176,0.009676593579999998,0.4815000389073695,14
8945177,0.023529030437149007,1.1627720721192696,79
8945178,0.04044902880000002,1.9823591880552063,75
8945179,0.05308434797020662,2.5855902132169466,94
8945180,0.0134060936,0.6658415131757998,20
8945181,0.057086733999993027,2.7751252806432816,52
8945182,0.07847929600504601,3.7758035962103462,107
8945183,0,0.0,0
8945184,0.13753122291790607,6.434115274824601,199
8945185,0.036226803472999995,1.7791143605030322,25
8945186,0.051672861012424055,2.5185721366380713,121
8945187,0.20156831689846905,9.155669408543949,171
8945188,0.08334038204651757,4.000324803604594,174
8945189,0.011293834499999999,0.5615208631516341,64
8945190,0.028312627182610798,1.3958709719190534,45
8945191,0.07553381619449825,3.6392476771585387,110
8945192,0.08427648007955248,4.043440536081654,117
8945193,0,0.0,0
8945194,0.023144005774079067,1.1439623530517737,135
8945195,0.0037551339999999994,0.18740483486641435,6
8945196,0.029518839409936295,1.4544747669609523,91
8945197,0.01661381840000001,0.823847295323086,55
8945198,0.09365296246225345,4.4731846271271385,170
8945199,0.03563802709695522,1.7507055096518795,83
8945200,0.07698862495115778,3.706742734470596,151
8945201,0.00361267,0.18030780370339744,7
8945202,0.052511580589999995,2.5584060565887476,56
8945203,0.10554151795014237,5.01255933689176,230
8945204,0.027766646445441967,1.3693215880690859,93
8945205,0.0047776599999999995,0.23831370906238053,9
8945206,0.015454979499999999,0.7668233553812309,36
8945207,0.046608377575110986,2.2773471508180827,69
8945208,0.016101403699999996,0.798640567902502,28
8945209,0.13885023268542027,6.491816517283106,146
8945210,0.05045182606516484,2.4605223796933737,72
8945211,0.07391381684912836,3.5639772611874827,144
8945212,0.024757296154999997,1.2227290748384474,40
8945213,0.03957975531874998,1.9405838489784564,51
8945214,0.04892709085500001,2.3879371341897357,102
8945215,0.07194861856393667,3.4725097871299577,108
8945216,0.012715658879999998,0.6317662817347872,17
8945217,0.06477142460760507,3.1369779645180054,108
8945218,0.03606008750000002,1.771071871669407,58
8945219,0.02368045867586794,1.170167877756872,36
8945220,0.019675668365153533,0.9741994060402877,31
8945221,0.11595252332583061,5.479920841682106,183
8945222,0.00893298235,0.4446630339828668,12
8945223,0.06509311575823912,3.1520668613695375,141
8945224,0.09259067933193199,4.424691376408688,217
8945225,0.014018603300000003,0.6960513312553475,28
8945226,0.03124027762037601,1.5379902596739758,42
8945227,0.0008677,0.04336618558038595,2
8945228,0.11914977096416873,5.622527137851049,233
8945229,0.17459552494999997,8.028873551278664,178
8945230,0.10471063785842774,4.97506098819229,208
8945231,0.019292051700748006,0.9553868983191054,23
8945232,0.023131070669607522,1.1433303064220992,73
8945233,0.02762071996099992,1.3622232052122247,193
8945234,0.13541199358699096,6.341258454745803,200
8945235,0.03235272479727,1.5918853259341204,18
8945236,0.08592083918125001,4.119084366354718,135
8945237,0.021255119219999986,1.0515802294270655,103
8945238,0.05387687904281963,2.6231795874701214,35
8945239,0.014608915500294938,0.7251489551095852,24
8945240,0.0662760907918294,3.2075138016251916,77
8945241,0.06591930945109194,3.1907978762542517,144
8945242,0,0.0,0
8945243,0.026194189089750377,1.2927778211385494,58
8945244,0.130244583227656,6.114067100704227,233
8945245,0.0022635110136460003,0.11304760842892739,5
8945246,0.12262636275477076,5.777105424980436,169
8945247,0.189173103875968,8.641304040371855,179
8945248,0.05348799583466516,2.604738666267407,64
8945249,0.08602870872299186,4.124042414337442,169
8945250,0.12362758288244088,5.821528401634281,216
8945251,0.10406118083434576,4.9457298001706045,161
8945252,0.2139409557245582,9.663354172629305,202
8945253,0.055704326811929224,2.70974410499577,170
8945254,0.09439831761446142,4.5071807411487015,142
8945255,0.025830084000000003,1.2750370430376137,41
8945256,0.0071638101800000015,0.35691208379038886,10
8945257,0.09036194583999993,4.322789458535063,155
8945258,0.036046545799975044,1.770418553266037,53
8945259,0.22626799385709556,10.163555981644308,209
8945260,0.04439656743999998,2.1716220887414965,190
8945261,0.18402987759943115,8.426161175125817,154
8945262,0.10807350226665081,5.126647726013709,209
8945263,0.06261533554873859,3.035725298342184,124
8945264,0.018428605400000003,0.9130174508376001,20
8945265,0.03579103090043519,1.7580896249751496,94
8945266,0.05360674981796501,2.6103707451641753,54
8945267,0.014834551000000001,0.7362664588334231,15
8945268,0.04644372148,2.269484422782544,120
8945269,0.0251149225,1.2401727043221669,24
8945270,0.0040506299999999995,0.20212213900005108,4
8945271,0.0904008779174016,4.32457137156702,180
8945272,0.13181382229656394,6.183177016582214,180
8945273,0.14335865495644687,6.6885051937031,213
8945274,0.055786741183962006,2.7136443711001603,112
8945275,0.03696334509900003,1.8146298600775042,68
8945276,0.030107160146267156,1.4830330505360103,66
8945277,0.07187191880781309,3.4689363833440674,227
8945278,0,0.0,0
8945279,0.048339277231737816,2.3599253194552188,64
8945280,0.01469999073998035,0.7296367105546657,68
8945281,0.16555658760204142,7.64499014017293,91
8945282,0.047490355264510696,2.3194421962674165,140
8945283,0.028922559605122015,1.4255132345096035,104
8945284,0.04835396206070799,2.3606253097029377,95
8945285,0.11945894622963124,5.6362944157111565,143
8945286,0.00162558,0.08121299089313198,3
8945287,0.02208989319694046,1.092428841628606,138
8945288,0.02767401603088219,1.3648158339106864,63
8945289,0.028514015481531114,1.4056602648004097,69
8945290,0.06391150787387842,3.096620549381806,98
8945291,0,0.0,0
8945292,0.07345721637765114,3.5427408772861764,86
8945293,0.10699646079999994,5.078150950447004,100
8945294,0.000920196078442875,0.04598864463691985,1
8945295,0,0.0,0
8945296,0.1447568104000001,6.749334455919166,170
8945297,0.08316270429999999,3.9921367701302506,45
8945298,0.1756481296788922,8.073370288274345,198
8945299,0.19155513788802536,8.74060317152799,197
8945300,0.08960703672199996,4.288224299941483,91
8945301,0.06744681606060973,3.262324115748013,143
8945302,0.020288228459559993,1.0042244553901831,10
8945303,0.07481624210551663,3.6059213624428423,160
8945304,0.07859608792006068,3.7812102301562374,159
8945305,0.07925955588621697,3.811912546552427,207
8945306,0.04651215064861158,2.272752235254027,132
8945307,0,0.0,0
8945308,0.028393013955606602,1.3997787292826875,38
8945309,0.023927656038182553,1.182238701407969,52
8945310,0.03901834090957958,1.9135845973888592,57
8945311,0.13186441268376833,6.185403344566668,223
8945312,0.024016523745886902,1.1865774544883188,146
8945313,0.05397824401418206,2.6279851878416176,82
8945314,0.06420906487379205,3.1105892308305436,117
8945315,0.015570030707999996,0.7724877067422352,26
8945316,0.020207873456303514,1.0002868378950809,71
8945317,0.0293660516716668,1.4470554312996835,58
8945318,0.10626519833247534,5.0451955630566,154
8945319,0.008399318,0.4182095624471826,5
8945320,0.04561849069200001,2.230058581283551,65
8945321,0.11308107799848952,5.3514784253143715,241
8945322,0.018448982712776913,0.9140177864679865,49
8945323,0.02106847196028917,1.0424422651971947,38
8945324,0.07398115553527067,3.5671083769407237,41
8945325,0.14323804697910156,6.683254208789167,157
8945326,0.06357121464404152,3.080640696716024,161
8945327,0.021063753082757597,1.0422112142988438,50
8945328,0.15313335149709426,7.112116459977696,228
8945329,0.0786053937339489,3.7816409969351783,144
8945330,0.04058771295536619,1.9890207462135179,78
8945331,0.0262051524893414,1.2933119066026684,56
8945332,0.06029641927367503,2.9265895290412427,123
8945333,0,0.0,0
8945334,0.019605418155388174,0.9707548800940946,52
8945335,0.016123480805113288,0.7997268499980259,38
8945336,0.10356390867077293,4.923259438132033,214
8945337,0.02444370225,1.2074281059449994,34
8945338,0.06877335251573735,3.3243541363342355,130
8945339,0.10593652611060002,5.030376024972198,187
8945340,0.030085879232533898,1.482000320297176,53
8945341,0.09339242984171878,4.461295861702345,192
8945342,0.007068555000000001,0.3521830374149826,7
8945343,0.04486016812360767,2.19380125951458,78
8945344,0.01809178790321198,0.8964799327591171,50
8945345,0.038199836159276176,1.8741948400535065,57
8945346,0.06351334600000003,3.0779227148259998,11
8945347,0.04827473592183008,2.3568486724562336,64
8945348,0.08746738707787899,4.190119932858897,148
8945349,0.035771321911328105,1.75713851189059,113
8945350,0.005045699,0.2516500747347804,8
8945351,0.0255430372,1.2610463826682894,16
8945352,0.20416287858399343,9.262603983021098,221
8945353,0.031468459679544564,1.549049877176463,73
8945354,0.061913980797980314,3.002743149062844,165
8945355,0.058380727153499956,2.8362453254327584,102
8945356,0.11235930296877314,5.31913783847568,162
8945357,0.1394850685692553,6.519562609639225,178
8945358,0.06662628146547898,3.2239153282340522,150
8945359,0.022954912521316935,1.1347219050328214,79
8945360,0.08262986416517464,3.9675731913263874,102
8945361,0.05264611567822012,2.5647925999570163,157
8945362,0.1467464147010333,6.835759160751641,79
8945363,0.17836695829589203,8.188104286865707,95
8945364,0.12310806507877635,5.7984832286061,149
8945365,0.04001596389996005,1.9615515078352783,105
8945366,0.0711661151294121,3.4360409148044333,138
8945367,0.032874562051603856,1.6171466093031541,61
8945368,0.1278905434722157,6.010203103000237,178
8945369,0.032493576004072065,1.5987049793266832,48
8945370,0.08516964232116644,4.084542599918029,142
8945371,0.011730009201257847,0.5830806891385568,25
8945372,0.054375924163714486,2.646834180840081,123
8945373,0.018745592128481075,0.92857625059711,36
8945374,0.06959780825678057,3.3628663491580864,116
8945375,0.019406515085255437,0.9610009148869233,43
8945376,0.021695030284121414,1.0731109271744352,59
8945377,0.014405431900348152,0.7151207831463385,22
8945378,0.1659068179966628,7.659924084366514,222
8945379,0.07236171030050001,3.4917509786458707,70
8945380,0.0418126064874446,2.047818019861056,152
8945381,0.052438209593808696,2.5549226938328427,69
8945382,0.2011833146201218,9.139780102996184,219
8945383,0.17964463598338112,8.241923156539306,224
8945384,0.06563370970300927,3.177412790791737,130
8945385,0.15677232272608058,7.268839695046074,202
8945386,0.049290087451854696,2.4052274372313676,90
8945387,0.03852263491099999,1.8897329983624072,159
8945388,0.11263501746627633,5.33149439136731,185
8945389,0.08248484525739527,3.96088573922852,165
8945390,0.04066243449748786,1.992609547276787,68
8945391,0.02861134571053107,1.4103906976084573,61
8945392,0.12864608096321928,6.043563658314045,176
8945393,0.017592828540000004,0.8719712070314397,29
8945394,0.04058623165854358,1.9889495983492933,108
8945395,0.03928971379434813,1.926637178061611,71
8945396,0.08949058924382981,4.282890275003141,151
8945397,0.026053363049978115,1.2859169222847087,20
8945398,0.05531159277575641,2.6911536416265007,139
8945399,0.09824153415792072,4.68208890914685,115
8945400,0.09824153415792072,4.68208890914685,115
8945401,0.1429731755154647,6.671720259917595,209
8945402,0.018354698701503823,0.9093891531212134,62
8945403,0.038951141751064636,1.9103518938473993,92
8945404,0.0605732469094841,2.939630852741287,36
8945405,0.08404805822657527,4.032923228176232,167
8945406,0.03302258908742394,1.6243099936359784,41
8945407,0.11222372700786118,5.313060618196697,170
8945408,0.03575037846827077,1.7561278065520929,64
8945409,0.014234097348982004,0.7066754240590057,17
8945410,0.1260661354205475,5.929549101049528,170
8945411,0.055436548175969186,2.697069302633767,156
8945412,0.057364974005706296,2.788274065637281,66
8945413,0.0477285517263784,2.3308046218401306,108
8945414,0.022850166305021274,1.1296025126151508,45
8945415,0.04656932749538837,2.275482529212942,74
8945416,0.030857429149137992,1.519428626856698,55
8945417,0.03583432750742205,1.7601789606964668,51
8945418,0.09963070516441658,4.745153751055224,190
8945419,0.09156130967359485,4.377653633681135,185
8945420,0.0006614107634,0.033059605180649876,2
8945421,0.0046264745,0.23078985331439109,10
8945422,0.2173558066598466,9.802477618026689,194
8945423,0.043067942372485415,2.1080034334283244,187
8945424,0.042721938034551175,2.091422099067336,85
8945425,0.07505843638742654,3.617172175550851,143
8945426,0.1068970610692789,5.073672703071083,153
8945427,0.005168075,0.25773774599917265,7
8945428,0.03714880322352966,1.8235684680837447,88
8945429,0.07557646120387107,3.641227515175971,89
8945430,0.07221483203755714,3.484910489061122,171
8945431,0.023813788975115508,1.1766788577507965,37
8945432,0.014753013231698045,0.732249220366419,37
8945433,0.1433748944648763,6.68921217819302,218
8945434,0.033736446470346744,1.6588406294678972,33
8945435,0.023755341885255223,1.1738247896668,36
8945436,0.02131673828289039,1.0545966339248232,55
8945437,0.1046781264215184,4.973593116563506,178
8945438,0.017813319805207495,0.8828031627290045,37
8945439,0.02055045230437751,1.0170719707068105,59
8945440,0.02458162790351266,1.214158400171167,49
8945441,0.06597525250807335,3.1934193029650304,118
8945442,0.06294427527268161,3.051186405137462,72
8945443,0.05265818156266737,2.5653653411782007,64
8945444,0.0745571844891942,3.5938842778899813,148
8945445,0.15379211038359994,7.1405271494011044,178
8945446,0.029533439971958116,1.455183708250019,77
8945447,0,0.0,0
8945448,0.09207170359702366,4.400982214840882,140
8945449,0.1394794504873584,6.519317138362137,217
8945450,0.11840542347624991,5.58936557488366,152
8945451,0.011330548150000003,0.5633359549190817,17
8945452,0.011400441,0.5667912150964871,9
8945453,0.0574995151,2.794630797140449,73
8945454,0.004081563292647888,0.2036625338712262,2
8945455,0.1291962617128861,6.0678418441779005,220
8945456,0.025633301810240375,1.2654463069565827,128
8945457,0.0119966093,0.5962539521462602,18
8945458,0.021230788801353487,1.0503891450191067,38
8945459,0,0.0,0
8945460,0.04884920126228475,2.384226288210427,96
8945461,0.06638882446301593,3.2127944013764265,138
8945462,0.044197615889335115,2.1621009410142955,72
8945463,0.03120788240659392,1.536419914323025,71
8945464,0.004673640905836,0.2331372454083927,12
8945465,0.05774806858233968,2.8063721436086446,98
8945466,0.020487031403767716,1.0139650037512986,31
8945467,0.015138775920960515,0.7512522761139255,16
8945468,0.07145318302142621,3.4494230237540027,101
8945469,0.09369707897835873,4.475197482917595,204
8945470,0.028243509762864105,1.392510792067874,44
8945471,0.011705742100348023,0.5818814280525186,15
8945472,0.15548890500535506,7.213625857423226,129
8945473,0.015811907745732188,0.7843940044691238,62
8945474,0.11512641406144564,5.443003940382977,193
8945475,0.11159429380414784,5.284835923813038,144
8945476,0.14889529740475618,6.928922855598344,186
8945477,0.033462931999999994,1.6456130806912588,18
8945478,0.10330313015611847,4.911471326933782,152
8945479,0.04356056691308799,2.131601461604275,45
8945480,0.02990305174249994,1.4731270893371338,149
8945481,0.019573922398758995,0.9692104944348842,26
8945482,0.026848108669464757,1.3246236141044303,27
8945483,0.13722220687194567,6.420586798636399,185
8945484,0.13722220687194567,6.420586798636399,185
8945485,0.037228070231020746,1.827388438978219,138
8945486,0.07211725437639999,3.480365516192931,90
8945487,0.08746254635583009,4.1898977545018505,47
8945488,0.019514835277782385,0.9663130439493967,58
8945489,0.012831313530696305,0.6374758502831998,28
8945490,0.023763280135655304,1.174212437240309,45
8945491,0.02500940310273405,1.2350265171319432,51
8945492,0.18682696330943102,8.543289727262955,176
8945493,0.1628210842998872,7.528180924525848,190
8945494,0.2481164725213609,11.036637805651033,230
8945495,0.03639896460842583,1.78741814551182,29
8945496,0.10262481834981628,4.880795539660679,216
8945497,0.023313601646417482,1.1522485504692235,55
8945498,0.004917656475196809,0.24527972305069312,13
8945499,0.11008797879269806,5.217222215335576,210
8945500,0.07412423294197278,3.5737605185217722,140
8945501,0.014899652609200004,0.7394736799872718,22
8945502,0.10246891017325103,4.873741993398001,184
8945503,0.008086976550000001,0.4027204321544805,10
8945504,0.0308055834923296,1.5169144571364606,99
8945505,0.10615771037271733,5.040349535549789,55
8945506,0.023976745302107142,1.1846354143030566,65
8945507,0.03514343578914095,1.7268284471317294,60
8945508,0.03354392619999999,1.6495304462236104,47
8945509,0.17826691708941175,8.183887644385246,234
8945510,0.025595660259940253,1.263611527320098,136
8945511,0.016431981001740637,0.8149038081402287,26
8945512,0.038320936034760014,1.8800246495680657,67
8945513,0.06688120817650862,3.2358515773392753,125
8945514,0.020768919703136053,1.0277731164920698,46
8945515,0.037034750556000175,1.8180716134514492,44
8945516,0.11759044947145318,5.553030780848277,165
8945517,0.005290620000000001,0.2638330797158968,8
8945518,0.017675724,0.876043845388507,27
8945519,0.05251609628349829,2.5586204356004547,74
8945520,0.016047613999999998,0.7959937993805735,20
8945521,0.09846119040097324,4.692066303220948,237
8945522,0.017506676872500012,0.8677382371610549,55
8945523,0.036196453999999996,1.77765037989797,56
8945524,0.024975429469999994,1.2333695069345534,67
8945525,0.1365207980409492,6.389865156759995,180
8945526,0.023316754042086968,1.1524025585962185,82
8945527,0.07750174300000003,3.7305260157367788,29
8945528,0.021048712254046007,1.0414747614158537,46
8945529,0.191693349628869,8.746358137251704,235
8945530,0.021109360304757328,1.044444240344041,60
8945531,0.028586556904259246,1.409185957925502,60
8945532,0.0037745399999999994,0.18837149213404014,6
8945533,0.05517826044470489,2.6848406051534073,127
8945534,0.1106848051800001,5.244023404553806,124
8945535,0.01975176463703406,0.9779303072218686,62
8945536,0.013721659660272476,0.6814079589622831,25
8945537,0.013941257844662007,0.6922375610687903,36
8945538,0.16690834269591806,7.702602800830155,348
8945539,0.16291734780258288,7.532296505370344,241
8945540,0.13923239169512674,6.508521104843549,229
8945541,0.04023048859649999,1.9718599845145461,156
8945542,0.012114224999999994,0.6020644777261587,39
8945543,0.1697779721116717,7.82467027934846,251
8945544,0.19540258974748204,8.90053563114169,193
8945545,0.23992460449999967,10.711280371580012,190
8945546,0.10299213091063382,4.8974092388085335,222
8945547,0.0829005996095914,3.9800554872916103,157
8945548,0,0.0,0
8945549,0.07107254335383374,3.4316781216528978,131
8945550,0.03179281629999999,1.5647666457398133,50
8945551,0.06385782100000004,3.094099813961944,79
8945552,0.07590124053300054,3.6563030577269866,196
8945553,0.04713630149993872,2.3025482702544964,63
8945554,0.060024875006250034,2.913793699023558,90
8945555,0.017215744999999998,0.8534409392090084,14
8945556,0.07848869277596808,3.776238622262645,132
8945557,0.014544323922197953,0.7219659428431447,27
8945558,0.015365393200429239,0.7624122778067938,17
8945559,0.02275907330431575,1.1251499797816873,36
8945560,0.13349521299630673,6.257113312610832,134
8945561,0.019926099884396472,0.986476677811969,51
8945562,0.009282036471559998,0.46195786868526956,18
8945563,0.15043835055400717,6.995706271479508,199
8945564,0.01916285917589754,0.9490497058626901,46
8945565,0.0244593100047203,1.2081897563386081,48
8945566,0.08629374246484538,4.136222081694685,141
8945567,0.019611641500510455,0.9710600343905523,29
8945568,0.07355696693485421,3.547381051391446,134
8945569,0.018709226304929053,0.9267915389268152,48
8945570,0.02051070786066664,1.0151249276171146,44
8945571,0.046639369687107246,2.2788269578845015,57
8945572,0.023228092999999988,1.148070901168531,35
8945573,0.3061635168651993,13.275880683489945,218
8945574,0.17770769890174634,8.160309989782707,209
8945575,0.006073377,0.30274949409290725,17
8945576,0.12994305304863663,6.100775927443043,151
8945577,0.11527110622619816,5.4494719795918,171
8945578,0.02355791,1.1641826450126154,19
8945579,0.021165923203908282,1.0472135395176523,37
8945580,0.06200944827850097,3.0072339547362628,75
8945581,0.06738403719787066,3.2593865477070665,107
8945582,0.014579073305748074,0.7236783851737867,41
8945583,0.03036735707612792,1.4956582595899817,92
8945584,0.002703155,0.1349753203939003,5
8945585,0,0.0,0
8945586,0.1092808738617359,5.180954097481629,95
8945587,0.10663842673356999,5.0620184926046985,42
8945588,0,0.0,0
8945589,0.16196423412499983,7.491531615949731,146
8945590,0.11629071664903055,5.495025599940597,197
8945591,0.037951405725,1.8622331042039155,58
8945592,0.11147434269152807,5.279455233608478,239
8945593,0.06508112588319465,3.15150456161187,112
8945594,0.02117570440206172,1.047692407737816,37
8945595,0.02279408892354659,1.1268615549334897,23
8945596,0.014348015420000004,0.7122907913709431,18
8945597,0.21253175579991584,9.605817193031763,167
8945598,0.05335091983963809,2.598236829572447,94
8945599,0.15663187737147058,7.26280080596673,174
8945600,0.04342141555831769,2.1249368939619235,108
8945601,0.09897561493791703,4.7154247163964556,177
8945602,0.08361677300000003,4.0130591231327175,66
8945603,0.014701551480348154,0.7297136128944682,40
8945604,0.11164008068277162,5.286889641092352,196
8945605,0.002131539,0.10646348446539305,4
8945606,0.025902301663630185,1.2785563075948794,62
8945607,0.09416424111977906,4.496506972606318,149
8945608,0.03150543530587748,1.550841792413605,62
8945609,0.017054342505184443,0.8455073393809968,47
8945610,0.06129499196145702,2.9736157221791344,101
8945611,0.052012370413808004,2.5347006267471577,81
8945612,0,0.0,0
8945613,0.03423079854711454,1.6827391745107199,55
8945614,0.020473069581740225,1.0132809929497537,43
8945615,0.0302497812,1.4899536736864247,32
8945616,0.10103052656450628,4.80861773720661,150
8945617,0.08841773205942818,4.2337187001490255,141
8945618,0.10215305305520553,4.859448882979257,177
8945619,0.017090418550000003,0.8472807362936945,12
8945620,0.08105880619999992,3.89507523566875,109
8945621,0,0.0,0
8945622,0.1075544057331421,5.103280154503428,162
8945623,0.11790263830697018,5.566952709460731,175
8945624,0.0028206600000000004,0.14083437705301086,5
8945625,0.03737165450446829,1.834307178164696,50
8945626,0.16926241768704364,7.802763571016832,202
8945627,0.04878559953124998,2.3811959407764207,150
8945628,0.020414575500000004,1.010415176546028,35
8945629,0.029595836801976482,1.4582133184018788,58
8945630,0.01304527909045937,0.6480370424828961,46
8945631,0.15373974870410226,7.1382695516766566,173
8945632,0.026641845703240907,1.3145808550102367,69
8945633,0.010868243852,0.5404751845491824,16
8945634,0.06569284910201317,3.1801847564399917,132
8945635,0.003066,0.15306535081719724,6
8945636,0.0034616246759476077,0.17278218026799053,6
8945637,0.07452179899790556,3.5922398614419575,136
8945638,0.07738625283949835,3.7251740129560447,98
8945639,0.02939657802232288,1.4485378728178542,73
8945640,0.0109911246,0.5465526160482789,20
8945641,0.027086569102325708,1.3362314917966582,71
8945642,0.05882081759008001,2.857014903265442,131
8945643,0.012909622444421178,0.6413413846541253,24
8945644,0.049352627325498916,2.4082057264057286,113
8945645,0.026913601208000987,1.327811959619838,58
8945646,0.023014512385742605,1.137634566872265,41
8945647,0.09744593198100333,4.64593296519292,121
8945648,0.03145764750159768,1.5485258843710616,79
8945649,0.10743074835243428,5.09771191468201,245
8945650,0.03270991119999998,1.609177532896952,29
8945651,0.04164814046755088,2.03992743127683,59
8945652,0.13619641609316788,6.375650434909624,160
8945653,0.01742820826243871,0.8638824514825834,30
8945654,0.03095616085199998,1.524216103168552,55
8945655,0.060826512037754146,2.951559079934809,102
8945656,0.00748971546512094,0.3730886094918611,8
8945657,0.016735659,0.8298389987460424,4
8945658,0.12633258938137312,5.941337211885927,209
8945659,0.014543755200000003,0.7219379158412038,20
8945660,0.030966389764686072,1.5247120740522906,60
8945661,0.016843318835265995,0.8351327382730489,46
8945662,0.07192538503047491,3.4714273762043315,119
8945663,0.04257545440661835,2.0844005696223737,74
8945664,0.015227332201675317,0.755613620277726,21
8945665,0.023338761747009825,1.1534777165470036,46
8945666,0.022694172484507745,1.1219774493457966,42
8945667,0.020947288985758386,1.0365084284940003,24
8945668,0.019312184902019653,0.9563744054244249,40
8945669,0.03459029908172798,1.700111275343229,18
8945670,0.03425685555174925,1.6839985303850828,54
8945671,0.005169237,0.25779554686036704,12
8945672,0.022315829313843915,1.1034789418335067,53
8945673,0,0.0,0
8945674,0.08229629180472842,3.9521893271683317,192
8945675,0.05948186307894585,2.8881955284626724,106
8945676,0.0790646180514615,3.8028937323536565,189
8945677,0.06066442928069551,2.9439256784701864,122
8945678,0,0.0,0
8945679,0,0.0,0
8945680,0.13275179399999998,6.224437103908022,77
8945681,0.11623784960199995,5.49266471270518,200
8945682,0.04002092048195556,1.9617897091222283,86
8945683,0.06184107919686571,2.9993135659589356,68
8945684,0.03801901270044889,1.865488617305504,52
8945685,0.08933929922887603,4.275959355277956,176
8945686,0.016149200859328253,0.8009923497946035,39
8945687,0.019030792467096644,0.9425706897636026,7
8945688,0.029028170803426366,1.4306440502465865,38
8945689,0.058275240711458724,2.8312656907496705,147
8945690,0.006060713499999999,0.3021201431847889,7
8945691,0.03402099260167517,1.6725979095308945,60
8945692,0.06231355826592901,3.021536565871419,113
8945693,0.015632878200937235,0.7755816235191814,32
8945694,0.003641366,0.1817374137802663,5
8945695,0.02014668341999299,0.9972881467144655,33
8945696,0.018699436993868102,0.9263111016523706,70
8945697,0.03981480326830106,1.9518832398170478,99
8945698,0.06021309308073556,2.9226633537551217,143
8945699,0.104795083981515,4.978873467495962,233
8945700,0.014048528800337681,0.6975268271567243,25
8945701,0.03302252340243867,1.6243068152128797,65
8945702,0,0.0,0
8945703,0.025711325582759223,1.2692492389241372,37
8945704,0.017248779700000005,0.8550645747603426,30
8945705,0.12850706960691624,6.037427427039197,102
8945706,0.020353205610803955,1.007408286545157,77
8945707,0.04768081728800002,2.3285278098736937,74
8945708,0.013044943000000002,0.6480204550505161,17
8945709,0.09251842915000001,4.421391365598717,113
8945710,0.02497878190467251,1.2335330191054024,86
8945711,0.03993402023580894,1.957613326689493,66
8945712,0.05482921699037572,2.66831017084144,70
8945713,0.0732084259515209,3.531165754254598,77
8945714,0.027938393602329838,1.377674671502296,49
8945715,0.015328731744,0.7606070167389027,17
8945716,0.018834463500000002,0.9329374864815408,40
8945717,0.017651059600348164,0.8748321230453222,31
8945718,0.042609805889546465,2.086047260063461,59
8945719,0.048797230168296055,2.381750104391134,108
8945720,0.013702794100848128,0.6804774836182642,30
8945721,0.01666827010034814,0.8265251329371458,30
8945722,0.03438190060158852,1.6900416087766719,73
8945723,0.013555911099116065,0.6732324155685581,50
8945724,0.018489511430548153,0.9160073077340009,46
8945725,0.0157880164,0.7832180899753463,25
8945726,0.010841340700348154,0.5391445103556637,9
8945727,0.05178800762037391,2.524042806958244,123
8945728,0.026493445844999994,1.3073541342717176,41
8945729,0.09114886360144074,4.358793636740972,178
8945730,0.01553919620120676,0.7709696854565916,46
8945731,0.1737124397833472,7.991509668162961,206
8945732,0.05068437816275389,2.471583569976915,81
8945733,0.007608237000000001,0.3789702024419419,20
8945734,0.030892709434615022,1.5211394127863758,67
8945735,0.03406480994,1.6747160549424596,28
8945736,0.02102146339999998,1.0401405319384984,34
8945737,0.025807030131865073,1.2739135439857383,69
8945738,0.06876368839427936,3.3239025211067945,144
8945739,0.015679898201123085,0.7778962431046953,44
8945740,0.09161047949045412,4.379901534666804,218
8945741,0.015220875142590363,0.7552956269130243,43
8945742,0.001697583,0.08480716639802227,4
8945743,0.02644514299999998,1.3050016720832587,38
8945744,0.08821995245105385,4.22464847860042,215
8945745,0.0690137671838318,3.3355876252949033,133
8945746,0.06021149106161116,2.922587866480865,148
8945747,0.028671715481275884,1.4133245543118296,79
8945748,0.014053637310259999,0.6977787011188257,17
8945749,0.010338980000000001,0.5142903810182301,12
8945750,0.038555182273541634,1.8912994168027453,115
8945751,0.011997608200000003,0.5963033032993246,29
8945752,0.10624075864572471,5.044093758494904,84
8945753,0.1214448826876,5.724630589211672,75
8945754,0.08618864935097778,4.131392881357658,143
8945755,0.053174047249999974,2.589846064011024,71
8945756,0.07507736615242368,3.618051421939557,153
8945757,0.07362958397528403,3.550758753843166,177
8945758,0,0.0,0
8945759,0.05324956889095865,2.5934289575777605,53
8945760,0.08205117882673636,3.9408819370604187,106
8945761,0.03309495824805366,1.6278117317536438,156
8945762,0.020221513803770803,1.0009552747360244,47
8945763,0,0.0,0
8945764,0.0742199023673066,3.578207994369327,155
8945765,0.014830535200878776,0.7360686142966446,23
8945766,0.02759792159090865,1.3611141191767728,73
8945767,0.07639069404796352,3.679013504873613,159
8945768,0.058353081695000024,2.8349403323431654,59
8945769,0.04138878044810885,2.0274815284829537,132
8945770,0.0030437999999999997,0.15195873400272125,4
8945771,0.03498515689159916,1.7191848684065254,42
8945772,0.18303782652236836,8.384546721938943,174
8945773,0.012605826880548154,0.6263435548175194,29
8945774,0,0.0,0
8945775,0.014404170252955852,0.7150585997420303,26
8945776,0.062078083015389744,3.0104622868893776,85
8945777,0.03889899425148923,1.907843123232774,75
8945778,0.013862185000348153,0.688338313495159,24
8945779,0.06704135565696044,3.243348541309321,132
8945780,0.05770858784728444,2.8045073140146393,88
8945781,0.03246729429334815,1.5974325581773476,52
8945782,0.07762468309215746,3.7362226067042856,134
8945783,0.10343369646233427,4.917373751133421,131
8945784,0.08033529558228876,3.8616513286529037,93
8945785,0.02314244706541692,1.143886190464997,27
8945786,0.028926356225275122,1.4256976916151498,83
8945787,0.03628653717556208,1.7819956333794476,71
8945788,0.0169263864,0.8392168655303184,33
8945789,0.05850482158213061,2.8421027227502362,106
8945790,0.002165663,0.10816602442152659,4
8945791,0.021667705006103134,1.0717738109210049,37
8945792,0.0475845852661837,2.323937463125498,85
8945793,0.026382779899549458,1.3019642765054138,54
8945794,0.1089443181695917,5.165822408443071,79
8945795,0.0063164295935311445,0.31482718779364327,11
8945796,0.07587101408283058,3.6549002114349673,146
8945797,0.013519640000000008,0.6714431650639379,21
8945798,0.19545154423244954,8.90256697971356,266
8945799,0.09793592739138977,4.6682039290477775,183
8945800,0,0.0,0
8945801,0.14928520826455868,6.945807270739051,237
8945802,0.041417570219,2.0288632185406725,29
8945803,0.008147324800000001,0.40571350016918845,17
8945804,0.024334570065344837,1.202102183363856,36
8945805,0.053064611330296316,2.5846537433574857,77
8945806,0.026925158999999994,1.3283746013238957,35
8945807,0.1985605303060659,9.031387927191794,189
8945808,0.12662273500008966,5.954170098726248,159
8945809,0.11441573039464042,5.4112220577022265,60
8945810,0.05604246938710004,2.7257447363821297,103
8945811,0.022571876724728844,1.1159987432081193,65
8945812,0.020666482264528344,1.0227557316320581,46
8945813,0.06920116260298452,3.344341954454144,139
8945814,0.047250109172104704,2.3079793211593653,83
8945815,0.08677768519762676,4.158453764058175,159
8945816,0.05904782704820003,2.867724890725318,83
8945817,0.031606092520327686,1.5557195184977246,61
8945818,0.030498809644579315,1.502035337312897,70
8945819,0.1051905413641989,4.996723066028678,193
8945820,0.07827630995141883,3.766405341609682,132
8945821,0.013449798300000005,0.66799769784953,18
8945822,0.046404920589744006,2.2676314019207298,71
8945823,0.016219700905379532,0.8044609869696298,39
8945824,0.11015916956234975,5.220419916721113,126
8945825,0,0.0,0
8945826,0.031457309350346234,1.548509496387408,33
8945827,0.06868791874051311,3.3203615740325216,164
8945828,0.08622923957088992,4.133258125968273,137
8945829,0.01882770230572351,0.9326057040043685,39
8945830,0.004823094000000002,0.2405745431821129,13
8945831,0.0021834999999999997,0.10905593817949251,3
8945832,0.013085346238053384,0.650014479639752,43
8945833,0.027959515709785297,1.3787018672312834,29
8945834,0.16156651407779993,7.474510408333646,163
8945835,0.03959517491425786,1.9413251904718,60
8945836,0.20762576196578156,9.404934728651702,231
8945837,0.047908183904463296,2.3393716711031147,136
8945838,0.07905327243735732,3.802368774547081,130
8945839,0.03551468353051074,1.7447520186350154,87
8945840,0.020761118798216772,1.0273910461303701,45
8945841,0.029117099121394464,1.434963962109537,83
8945842,0.0315605418737386,1.5535122494862912,31
8945843,0.018721388945181255,0.9273884473460462,26
8945844,0.020413745392284206,1.010374505659516,40
8945845,0.11834053449105897,5.5864735893131945,98
8945846,0.013529533,0.6719311923794863,5
8945847,0.024985974356761868,1.2338838230570301,47
8945848,0.012474144199999999,0.6198412156474551,14
8945849,0.0570037325098298,2.7712021912705693,70
8945850,0.04887728772888689,2.385564426997273,88
8945851,0.0064904,0.32347027426595215,4
8945852,0,0.0,0
8945853,0.05846856683126534,2.8403915305478677,145
8945854,0.061690011855011495,2.9922059815144433,148
8945855,0.0757875662995141,3.6510270862937984,142
8945856,0.08170112502445193,3.9247288692074975,292
8945857,0.053974169092999985,2.6277920095185063,82
8945858,0.001896183693,0.0947193819762428,5
8945859,0.11733879320000004,5.541805287696177,154
8945860,0.034419349779,1.691851278485873,32
8945861,0.09595057155490501,4.57790240175955,141
8945862,0.01661756580502363,0.8240315906595794,38
8945863,0.02304669139522502,1.139207092611912,50
8945864,0.03492046016574065,1.7160602023184945,47
8945865,0.015579805700531411,0.7729689321389346,33
8945866,0.06912146862353048,3.3406191792844857,123
8945867,0.06483467038049988,3.139944873579268,100
8945868,0.13368858435643546,6.265609017951356,126
8945869,0.0278723002132096,1.3744603252521923,45
8945870,0.078365489992274,3.7705346037363867,81
8945871,0.011728435000909693,0.5830028942700902,33
8945872,0.026001881904285144,1.2834085760989218,48
8945873,0,0.0,0
8945874,0.10354956359990788,4.922611066158975,232
8945875,0.023981992817197956,1.1848916098219437,35
8945876,0.016014471311376073,0.7943629145161338,35
8945877,0.055727389374961495,2.7108355739670937,90
8945878,0.014250028980847105,0.70746078072826,39
8945879,0.1440294568782542,6.7176995360858385,164
8945880,0.046556347676658,2.274862733660416,51
8945881,0.04220701064200001,2.066735175330319,68
8945882,0.03006250979177446,1.4808662120881193,38
8945883,0.04374644660034817,2.1405026378452083,61
8945884,0.12479440870276098,5.873246286399588,133
8945885,0.09859281498305261,4.698044055004011,162
8945886,0.026479057779705002,1.3066534133699146,18
8945887,0.05511763603084583,2.6819698816510256,144
8945888,0.0010500000000000002,0.052472451962719574,2
8945889,0.01654221335547263,0.820325666674085,45
8945890,0.07952902980436682,3.8243769942393433,86
8945891,0.10409743675859304,4.947367690298475,149
8945892,0.1048376567804013,4.980795380711828,151
8945893,0.024858054503349693,1.2276443006987368,38
8945894,0.010528624600000001,0.5236744441822955,10
8945895,0.06277444420757564,3.0432044755960086,48
8945896,0.03712510591025355,1.8224264087926427,29
8945897,0.018069804805061866,0.8954003851619664,46
8945898,0.01982212850534981,0.9813799059632049,45
8945899,0.015245000205004924,0.7564837130698299,39
8945900,0.016459084150597752,0.8162369511966014,35
8945901,0.017395577734348026,0.8622789663237127,35
8945902,0.0084723656,0.4218313253948611,10
8945903,0.10780321163870932,5.114481799982543,112
8945904,0.01357395140556546,0.674122318482032,30
8945905,0.016703559039339157,0.8282605028622022,20
8945906,0.015171266300968657,0.7528524525271196,37
8945907,0.07838244405089852,3.7713195795729577,122
8945908,0.011602816805199713,0.5767946191101058,40
8945909,0.011833216200696309,0.5881807748975874,18
8945910,0.05838132628553462,2.8362736068387786,76
8945911,0.021421770872278888,1.0597378133033075,53
8945912,0.03825298846140902,1.8767537041750926,52
8945913,0.013633395567987998,0.6770545024727507,18
8945914,0.000775605,0.03876521675203052,1
8945915,0.05768683933333693,2.803480016037168,111
8945916,0.028498359462335532,1.4048993103395548,23
8945917,0.06178022395055106,2.9964505058727715,118
8945918,0.01585314336699068,0.7864235258979171,49
8945919,0.04154693544075552,2.035071284402572,65
8945920,0.014317242490364424,0.7107739629266918,21
8945921,0,0.0,0
8945922,0.04394554457114794,2.1500349991158108,89
8945923,0.015368654057924997,0.7625728437812289,36
8945924,0.054836535545217675,2.6686568297106747,76
8945925,0.03649150935635609,1.7918812422591157,102
8945926,0.03643794261177249,1.7892979623548015,75
8945927,0.019143841999999994,0.9481168008831732,33
8945928,0.030881976284631126,1.520618954978749,66
8945929,0.12237427255043691,5.765913869818112,93
8945930,0.04668201365245274,2.2808630427716174,53
8945931,0.014017692905988,0.696006443010048,14
8945932,0.04551467064159466,2.2250962701391215,75
8945933,0.028695634074081242,1.4144869043984631,103
8945934,0.019383612545781578,0.9598776787806645,32
8945935,0.004239503,0.2115267658208611,5
8945936,0.012258226600261971,0.6091776114128461,140
8945937,0.028291957076191875,1.3948661077853448,37
8945938,0.047890763925397005,2.338540940220854,83
8945939,0.03725370865188868,1.8286239211973538,51
8945940,0.011775270639994001,0.58531739662194,20
8945941,0.0718428534020749,3.467582171307305,103
8945942,0.017588437160545072,0.8717554500509616,25
8945943,0.0057453898,0.2864466162663295,11
8945944,0.043590978885699225,2.133057903273184,57
8945945,0.052439873753055755,2.5550017042479847,73
8945946,0.011361053570348152,0.5648440666672576,18
8945947,0.17955158781823125,8.238005873399192,122
8945948,0.00081996,0.0409811985282274,2
8945949,0.020601638678628433,1.0195794304166192,38
8945950,0.02407287425872934,1.1893284359905016,40
8945951,0.03453720420603121,1.6975459644892166,155
8945952,0.053253288270000004,2.5936054053452597,42
8945953,0.02263046370363771,1.1188629910279844,36
8945954,0.0019957630000000002,0.0996886725179348,2
8945955,0.008305138,0.413539648077124,13
8945956,0.10180320120931248,4.8436124348244425,87
8945957,0.04779539565090954,2.3339927295674654,52
8945958,0.0583184044788023,2.8333033583095912,143
8945959,0.027375430401878207,1.3502891468134093,39
8945960,0.028928468666107335,1.4258003233167693,57
8945961,0,0.0,0
8945962,0.03736736289427249,1.8341003971511856,64
8945963,0.0127735172,0.6346226781525541,9
8945964,0.010985135,0.5462563998515086,2
8945965,0.07989884153687497,3.8414772844354426,110
8945966,0.025265378255628117,1.247509512920688,44
8945967,0.01177638640112308,0.585372533484694,20
8945968,0.11769829133121515,5.557840406870628,176
8945969,0.02341389980559571,1.1571483129499731,27
8945970,0.013226459201275766,0.6569782123032106,11
8945971,0.06346332756379999,3.0755733196735364,91
8945972,0.012581847000000002,0.6251595192888572,17
8945973,0.02446636679523301,1.2085341202266409,5
8945974,0.022766396803884738,1.1255079597850386,39
8945975,0.02306414808141999,1.140060146055821,46
8945976,0.02127556235454119,1.0525809914684634,47
8945977,0.0363490590366,1.7850112128515332,47
8945978,0.014895416518860222,0.7392649959269384,36
8945979,0.054804915108898386,2.6671590429787293,74
8945980,0.006309746,0.31449510787553137,5
8945981,0.01547312290538351,0.7677166581650265,29
8945982,0.0148490046,0.7369785312000546,16
8945983,0.027421341912475833,1.3525230964871442,44
8945984,0.020342586903884605,1.006887991954821,41
8945985,0.024298948963239246,1.2003636605000534,43
8945986,0.11333259362938827,5.362742900527244,159
8945987,0.018585344932626438,0.9207113773654566,54
8945988,0.06217636295153549,3.0150846488485685,68
8945989,0.017925699886799994,0.8883230878027658,54
8945990,0.05845416450649265,2.839711736817168,89
8945991,0.012430677000000001,0.6176946685453454,11
8945992,0.019446219605237725,0.962948129861021,39
8945993,0.0875202275660447,4.192545126525043,53
8945994,0.004662541000000001,0.23258483184277753,8
8945995,0.0473990339481716,2.3150852941826416,59
8945996,0.08887827882997364,4.254832832086143,96
8945997,0.04088909643465474,2.0034942861954734,67
8945998,0.012697706847782384,0.630879977881482,20
8945999,0.05076629273137381,2.4754791860636263,112
8946000,0.015686167200696304,0.7782048344599506,21
8946001,0.023450372306987908,1.1589299459937599,45
8946002,0.00021,0.010498897615750347,1
8946003,0.0838587203460625,4.02420372971044,108
8946004,0.17717754684076809,8.137946631769406,249
8946005,0.0679629026069,3.286466237920666,115
8946006,0.06486028958101725,3.141146638748044,103
8946007,0.014474502754816057,0.7185249917545253,18
8946008,0.02169161060562693,1.0729435929710809,62
8946009,0.07848876620246129,3.776242021546527,98
8946010,0.02413959338783765,1.1925854060013121,68
8946011,0.012701086200000001,0.6310468199716521,23
8946012,0.021343607304510775,1.0559118809578727,43
8946013,0.014677204800000003,0.7285139656631511,27
8946014,0.03506294745139248,1.7229416660208718,73
8946015,0.058756047538220134,2.853958710089926,64
8946016,0.05494472334025393,2.6737810859915907,103
8946017,0.012366266400000003,0.614513699940046,15
8946018,0.025300797502736828,1.2492365348363834,35
8946019,0.023156724892767995,1.1445838381104831,61
8946020,0.0113930876,0.5664276997985642,12
8946021,0.00409976,0.20456865879770378,3
8946022,0.01656819055,0.821603287587373,21
8946023,0.032035822343511655,1.5765382672518686,56
8946024,0.012382708000000001,0.6153257007612888,22
8946025,0.07165154136601043,3.458667634749262,57
8946026,0.04048291276002103,1.983986854624652,62
8946027,0.013554313200000003,0.673153592686511,23
8946028,0.015341814704033419,0.7612512474111727,30
8946029,0.02991982700000001,1.4739413154172818,37
8946030,0.005464925,0.27250164946165784,7
8946031,0.00271009,0.13532113377428484,3
8946032,0.03293750748266506,1.6201928176066138,35
8946033,0.031400799121212505,1.545770737847329,105
8946034,0.0056611778945,0.2822599328787419,8
8946035,0.07375916102651926,3.556785301433373,99
8946036,0.031029542214249303,1.5277740460840652,145
8946037,0.018486891604274358,0.9158787050423276,45
8946038,0.027994509425156515,1.3804036103180417,33
8946039,0.01715628460513332,0.8505183627103903,41
8946040,0.019966782500348154,0.9884708339427711,29
8946041,0.025801909817970904,1.2736640089498852,35
8946042,0.05644348686333402,2.744713736307266,43
8946043,0.014549252767432463,0.7222088388976254,43
8946044,0.027421760502833587,1.352543463676376,56
8946045,0.011865602605273341,0.589781076325771,31
8946046,0.034016009532159795,1.6723570204338636,65
8946047,0.0451756181522265,2.2088869900102623,41
8946048,0.019587369803364205,0.969869890069243,51
8946049,0.011433464600000002,0.5684237038521032,14
8946050,0.011147598000000002,0.5542903967409358,18
8946051,0.0218138862017405,1.078926519924192,40
8946052,0.08399511811035879,4.030485358647121,32
8946053,0.02771919449500772,1.3670134686430797,37
8946054,0.036641922200541924,1.7991342415730704,76
8946055,0.014248281,0.7073746138646947,21
8946056,0.010587462999999998,0.5265855474997558,12
8946057,0.000502815,0.02513443101553446,2
8946058,0.012192917799116056,0.605951730137901,21
8946059,0.023028153058594417,1.1383011661888345,29
8946060,0.03430582689788763,1.6863652674190375,51
8946061,0.026505996356691097,1.3079653553625954,27
8946062,0.014165973589824915,0.7033170938032014,36
8946063,0.027379142888308377,1.3504697917185162,52
8946064,0.045011228203202185,2.2010259690725595,140
8946065,0.021103078553543465,1.0441366785036243,50
8946066,0.012720337901316678,0.6319972855533571,13
8946067,0.02619570400042,1.2928516208330965,18
8946068,0.016792382,0.8326281946457689,32
8946069,0.0049180644999999995,0.24530002432924858,5
8946070,0.008692020876074,0.43272043627091467,7
8946071,0.03428796471132416,1.68550201869723,69
8946072,0.016715779401044455,0.8288614375799135,23
8946073,0.008985356,0.44725841197221744,8
8946074,0.00655928139999648,0.32689198175196715,4
8946075,0.22547959234574214,10.131730397405166,247
8946076,0.06917284787263137,3.343019310530279,88
8946077,0.021770609200000002,1.076809065327865,25
8946078,0.010446740940561538,0.5196228643029939,6
8946079,0.028004615802039903,1.3808950721231261,70
8946080,0.015494508666924865,0.7687695798870293,20
8946081,0.04004488115836532,1.9629411846874314,75
8946082,0.13127839163742408,6.159607874434704,60
8946083,0.041753831904051436,2.044998336803101,62
8946084,0.0063864208519999995,0.31830462894022404,8
8946085,0.04616842899051989,2.2563357119773935,71
8946086,0.04334398915458232,2.1212282114337273,71
8946087,0.11735861778288181,5.542689688805281,237
8946088,0.00546473715808,0.272492308482273,6
8946089,0.047939025211914545,2.34084240896547,172
8946090,0.043445867053211795,2.126108048845145,78
8946091,0.014930491577800001,0.7409928848765703,32
8946092,0.012712807795294887,0.6316255228295768,65
8946093,0.004661160000000001,0.2325161026215523,4
8946094,0.04983672417605644,2.4312533573174515,86
8946095,0,0.0,0
8946096,0.019667261153784275,0.9737871941613229,52
8946097,0,0.0,0
8946098,0.09323232435102084,4.453988373217307,159
8946099,0,0.0,0
8946100,0.018408910556653692,0.9120505988836886,55
8946101,0.03555008193254833,1.7464606863810064,74
8946102,0.023010179853916256,1.1374228406293954,54
8946103,0.00375465,0.18738072547953913,5
8946104,0.006146706,0.3063936441744954,11
8946105,0.09343407667650001,4.463196511295658,40
8946106,0.034834974130681304,1.7119311675662268,69
8946107,0.042206358447932434,2.0667038996004825,120
8946108,0.02553528347590269,1.2606684111709514,42
8946109,0.00586734,0.29250887548724935,9
8946110,0.060248420404268206,2.924327950337468,111
8946111,0.014530401200551065,0.7212798174647418,18
8946112,0.05459492522374023,2.65721113945587,128
8946113,0.03793204856362986,1.861300949183513,70
8946114,0,0.0,0
8946115,0.0051083890000000005,0.2547687211337083,11
8946116,0.012110145450148987,0.60186294858325,18
8946117,0.026394822794557665,1.3025508404209765,59
8946118,0.013613727800858613,0.6760843757122507,17
8946119,0.01418985500033768,0.704494413230738,17
8946120,0.03765808060034175,1.8481059682617016,80
8946121,0.01104085160049998,0.5490118011134905,19
8946122,0.002223146,0.11103387773941956,3
8946123,0.001399991,0.06995058490534388,3
8946124,0.016296370325178482,0.808232885056986,26
8946125,0.014621968746018997,0.7257921820002933,35
8946126,0.028186170792461374,1.3897230539466876,57
8946127,0.015594481401337635,0.7736914119002551,23
8946128,0.012842216205913512,0.6380140530895818,33
8946129,0,0.0,0
8946130,0.03266603120000001,1.6070535296305102,44
8946131,0.02193199066049985,1.0847046667150946,41
8946132,0.03576372450055106,1.7567718724001353,37
8946133,0.02235773560406002,1.1055282263096726,56
8946134,0.013305653104491947,0.660885895987765,34
8946135,0.02354651634999999,1.1636261464585622,46
8946136,0.0864508967032782,4.1434426681153145,52
8946137,0,0.0,0
8946138,0.053669747226588016,2.613358223690406,64
8946139,0.014667200545024784,0.7280210121580819,42
8946140,0.031121443605154897,1.5322295819946465,37
8946141,0.032950451356936576,1.6208192056497532,55
8946142,0.005181102250000001,0.2583857510020577,10
8946143,0.03406525260518742,1.6747374530663346,40
8946144,0.03304883710405753,1.62558008941553,114
8946145,0.011296693401328462,0.5616622071915449,24
8946146,0.01101052,0.5475118051595274,14
8946147,0.014732438104974847,0.7312354646372767,41
8946148,0,0.0,0
8946149,0.0890463457876976,4.262535676494133,156
8946150,0.014450522760879434,0.7173431463123976,20
8946151,0.023580351560878895,1.1652787369026538,51
8946152,0.014444860205592654,0.717064065189574,39
8946153,0.05172840635686726,2.521211199133239,50
8946154,0.030472485053065136,1.5007583346921716,59
8946155,0.02022709470533462,1.001228760783693,37
8946156,0.1254943662503469,5.9042436547002275,196
